A1 = [-0.5 0.5; 0.6 -0.6];
B1 = [10; 25];
x1 = A1\B1;

-5+0.27*(-161.9266)+0.63*(-175.6881);
-35+0.18*(-161.9266)+0.72*(-175.6881);

A2 = [-0.55 0.45; 0.18 -0.28];
B2 = [10; 35];
x2 = A2\B2;

-5+0.27*(-254.1096)+0.63*(-288.3562);
-25+0.54*(-254.1096)+0.36*(-288.3562);

A3 = [-0.73 0.63; 0.18 -0.28];
B3 = [5; 35];
x3 = A3\B3;

-10+0.45*(-257.6923)+0.45*(-290.6593);
-25+0.54*(-257.6923)+0.36*(-290.6593);

A4 = [-0.28 0.08 0; 0.32 -0.52 0;0.08 0.16 -0.44];
B4 = [0.2; -1.6;-5.4];
x4 = A4\B4
